1 0.173437 0.650781 0.043750 0.079687
0 0.881250 0.357031 0.093750 0.079687
2 0.568750 0.852344 0.100000 0.195312
0 0.554688 0.567187 0.096875 0.096875
1 0.692969 0.879687 0.073438 0.153125
1 0.657031 0.625781 0.057813 0.107813
1 0.631250 0.585938 0.056250 0.100000
1 0.429688 0.601562 0.062500 0.087500
1 0.617969 0.753906 0.092188 0.154688
1 0.492969 0.931250 0.085938 0.137500
1 0.046094 0.392969 0.035937 0.057813
1 0.097656 0.832031 0.051562 0.070312
1 0.286719 0.575781 0.067187 0.070312
1 0.201563 0.446094 0.043750 0.073438
