1 0.632031 0.436719 0.035937 0.079687
1 0.507031 0.139844 0.045312 0.076563
1 0.595313 0.266406 0.071875 0.135937
1 0.567187 0.382812 0.043750 0.062500
1 0.766406 0.349219 0.070312 0.104688
1 0.680469 0.627344 0.054688 0.120313
1 0.016406 0.482812 0.029687 0.078125
1 0.069531 0.568750 0.054688 0.103125
1 0.208594 0.472656 0.032813 0.051562
1 0.176563 0.963281 0.050000 0.073438
1 0.228125 0.950781 0.059375 0.089063
1 0.289062 0.915625 0.062500 0.128125
1 0.389844 0.441406 0.057813 0.079687
2 0.381250 0.371094 0.065625 0.082812
0 0.843750 0.694531 0.134375 0.107813
0 0.484375 0.890625 0.140625 0.078125
0 0.314063 0.957812 0.112500 0.084375
0 0.477344 0.250781 0.079687 0.089063
0 0.669531 0.508594 0.054688 0.107813
